77 548024 78 19.92 446369 21.01
SD initialization failed!
Is there an SD card inserted?
##########################################################################################
### CosmicWatch: The Desktop Muon Detector
### Questions? saxani@mit.edu
### Comp_date Comp_time Event Ardn_time[ms] ADC[0-1023] SiPM[mV] Deadtime[ms] Temp[C] Name
##########################################################################################
Device ID: Leonardo
1 2480 108 22.63 0 21.22
SD initialization failed!
Is there an SD card inserted?
##########################################################################################
### CosmicWatch: The Desktop Muon Detector
### Questions? saxani@mit.edu
### Comp_date Comp_time Event Ardn_time[ms] ADC[0-1023] SiPM[mV] Deadtime[ms] Temp[C] Name
##########################################################################################
Device ID: Leonardo
1 2480 115 23.18 0 21.54
2 22004 249 42.85 19524 21.54
3 22346 248 42.69 19866 21.97
4 23507 255 43.96 21026 21.87
5 25586 248 42.69 23104 21.65
SD initialization failed!
Is there an SD card inserted?
##########################################################################################
### CosmicWatch: The Desktop Muon Detector
### Questions? saxani@mit.edu
### Comp_date Comp_time Event Ardn_time[ms] ADC[0-1023] SiPM[mV] Deadtime[ms] Temp[C] Name
##########################################################################################
Device ID: Leonardo
1 2480 30 11.83 0 21.97
SD initialization failed!
Is there an SD card inserted?
##########################################################################################
### CosmicWatch: The Desktop Muon Detector
### Questions? saxani@mit.edu
### Comp_date Comp_time Event Ardn_time[ms] ADC[0-1023] SiPM[mV] Deadtime[ms] Temp[C] Name
##########################################################################################
Device ID: Leonardo
1 2480 255 43.96 0 21.97
2 6841 252 43.42 4361 22.19
3 9836 268 46.26 7356 22.19
4 13945 254 43.77 11464 22.19
5 14297 254 43.77 11815 22.19
6 15292 255 43.96 12810 21.97
7 18325 255 43.96 15843 22.19
8 21258 261 45.09 18775 22.19
9 21370 252 43.42 18887 22.19
10 21484 252 43.42 19000 21.97
11 22491 255 43.96 20006 22.19
12 22600 250 43.04 20115 22.19
13 24209 248 42.69 21723 22.19
14 24390 261 45.09 21904 21.97
15 24934 252 43.42 22448 22.29
16 26788 255 43.96 24301 22.19
17 27556 271 46.93 25068 22.19
18 32924 271 46.93 30436 22.19
19 177536 262 45.24 175046 21.76
20 177829 263 45.37 175340 21.87
21 181888 255 43.96 179398 22.19
22 184629 270 46.71 182138 22.19
23 188459 255 43.96 185967 22.19
24 201112 61 17.60 198537 21.97
25 201157 62 17.75 198543 22.19
26 201381 66 18.36 198549 22.29
27 201446 71 19.06 198555 22.19
28 201621 70 18.93 198561 22.19
29 201846 140 25.42 198757 22.19
30 201884 57 16.93 198763 22.19
31 201974 204 34.73 198826 22.19
32 201984 142 25.64 198831 21.97
SD initialization failed!
Is there an SD card inserted?
##########################################################################################
### CosmicWatch: The Desktop Muon Detector
### Questions? saxani@mit.edu
### Comp_date Comp_time Event Ardn_time[ms] ADC[0-1023] SiPM[mV] Deadtime[ms] Temp[C] Name
##########################################################################################
Device ID: Leonardo
1 2480 290 50.82 0 22.19
2 63831 249 42.85 61350 22.40
3 69164 265 45.75 66683 22.19
4 69229 271 46.93 66748 22.29
5 69552 255 43.96 67070 34.54
SD initialization failed!
Is there an SD card inserted?
##########################################################################################
### CosmicWatch: The Desktop Muon Detector
### Questions? saxani@mit.edu
### Comp_date Comp_time Event Ardn_time[ms] ADC[0-1023] SiPM[mV] Deadtime[ms] Temp[C] Name
##########################################################################################
Device ID: Leonardo
1 2480 341 63.69 0 22.40
SD initialization failed!
Is there an SD card inserted?
##########################################################################################
### CosmicWatch: The Desktop Muon Detector
### Questions? saxani@mit.edu
### Comp_date Comp_time Event Ardn_time[ms] ADC[0-1023] SiPM[mV] Deadtime[ms] Temp[C] Name
##########################################################################################
Device ID: Leonardo
1 2480 384 80.08 0 22.51
SD initialization failed!
Is there an SD card inserted?
##########################################################################################
### CosmicWatch: The Desktop Muon Detector
### Questions? saxani@mit.edu
### Comp_date Comp_time Event Ardn_time[ms] ADC[0-1023] SiPM[mV] Deadtime[ms] Temp[C] Name
##########################################################################################
Device ID: Leonardo
1 2480 364 71.71 0 22.51
SD initialization failed!
Is there an SD card inserted?
##########################################################################################
### CosmicWatch: The Desktop Muon Detector
### Questions? saxani@mit.edu
### Comp_date Comp_time Event Ardn_time[ms] ADC[0-1023] SiPM[mV] Deadtime[ms] Temp[C] Name
##########################################################################################
Device ID: Leonardo
1 2480 327 59.28 0 22.94
SD initialization failed!
Is there an SD card inserted?
##########################################################################################
### CosmicWatch: The Desktop Muon Detector
### Questions? saxani@mit.edu
### Comp_date Comp_time Event Ardn_time[ms] ADC[0-1023] SiPM[mV] Deadtime[ms] Temp[C] Name
##########################################################################################
Device ID: Leonardo
1 2480 188 32.01 0 21.97
2 85791 245 42.08 83312 22.29
3 88276 268 46.26 85797 22.19
SD initialization failed!
Is there an SD card inserted?
##########################################################################################
### CosmicWatch: The Desktop Muon Detector
### Questions? saxani@mit.edu
### Comp_date Comp_time Event Ardn_time[ms] ADC[0-1023] SiPM[mV] Deadtime[ms] Temp[C] Name
##########################################################################################
Device ID: Leonardo
1 2506 57 16.93 0 22.40
2 2863 49 15.48 5 22.40
3 9852 728 431.28 5349 22.40
4 9879 158 27.53 5354 22.29
SD initialization failed!
Is there an SD card inserted?
##########################################################################################
### CosmicWatch: The Desktop Muon Detector
### Questions? saxani@mit.edu
### Comp_date Comp_time Event Ardn_time[ms] ADC[0-1023] SiPM[mV] Deadtime[ms] Temp[C] Name
##########################################################################################
Device ID: Leonardo
1 2480 199 33.86 0 24.12
2 460870 255 43.96 458390 20.90
3 466282 240 41.21 463802 20.90
4 472922 238 40.82 470441 20.90
5 509922 231 39.55 507440 21.01
6 540392 263 45.37 537910 21.22
7 582807 245 42.08 580324 21.11
8 586542 263 45.37 584057 21.11
9 588653 263 45.37 586168 20.90
10 592739 255 43.96 590253 21.01
11 597285 259 44.69 594800 21.01
12 599248 254 43.77 596762 20.90
13 600615 263 45.37 598128 20.90
14 600729 271 46.93 598241 20.90
15 601969 263 45.37 599481 21.11
16 602405 252 43.42 599916 21.11
17 603091 263 45.37 600601 20.90
18 604691 267 46.14 602200 20.90
19 607437 248 42.69 604946 20.90
20 642403 266 46.00 639911 20.90
21 643715 255 43.96 641222 21.11
22 650450 263 45.37 647957 20.90
23 653934 259 44.69 651440 21.01
24 655813 263 45.37 653318 21.22
25 657560 259 44.69 655065 20.90
26 660229 263 45.37 657733 21.11
27 661518 263 45.37 659021 20.90
28 663813 263 45.37 661315 20.90
29 665803 263 45.37 663305 21.11
30 669423 252 43.42 666925 20.90
31 669529 255 43.96 667030 20.90
32 671731 259 44.69 669232 21.01
33 679017 255 43.96 676517 20.90
34 679239 270 46.71 676739 20.90
35 682135 262 45.24 679635 21.01
36 682740 271 46.93 680239 21.01
37 684635 271 46.93 682133 20.90
38 687607 267 46.14 685105 20.90
39 691278 263 45.37 688775 20.90
40 691443 262 45.24 688939 20.79
41 694410 263 45.37 691905 20.58
42 698401 277 48.09 695896 20.90
43 698632 263 45.37 696126 20.90
44 703392 262 45.24 700886 20.90
45 706643 263 45.37 704136 21.11
46 709729 265 45.75 707221 20.68
47 709958 271 46.93 707449 20.90
48 711413 263 45.37 708903 21.01
49 718324 271 46.93 715813 21.01
50 724529 254 43.77 722018 20.90
51 733733 263 45.37 731222 21.01
52 739388 261 45.09 736876 20.90
53 740480 255 43.96 737967 20.90
54 741374 263 45.37 738862 21.01
55 754358 280 48.67 751844 21.01
56 764392 263 45.37 761878 20.90
57 769373 263 45.37 766858 20.90
58 772383 263 45.37 769868 20.58
59 797747 270 46.71 795231 20.90
60 814498 267 46.14 811982 20.90
61 820419 280 48.67 817903 20.90
62 820469 255 43.96 817952 21.01
63 835042 268 46.26 832524 21.01
64 871129 263 45.37 868610 20.58
65 871400 268 46.26 868881 20.58
66 930107 255 43.96 927588 20.90
67 944087 236 40.44 941566 21.11
68 1020974 252 43.42 1018453 21.01
69 1021298 248 42.69 1018777 21.11
70 1024802 253 43.55 1022281 21.33
71 1025072 254 43.77 1022550 21.11
72 1026169 261 45.09 1023646 21.33
73 1026853 259 44.69 1024330 21.11
74 1027301 261 45.09 1024777 21.22
75 1030447 271 46.93 1027922 21.44
SD initialization failed!
Is there an SD card inserted?
##########################################################################################
### CosmicWatch: The Desktop Muon Detector
### Questions? saxani@mit.edu
### Comp_date Comp_time Event Ardn_time[ms] ADC[0-1023] SiPM[mV] Deadtime[ms] Temp[C] Name
##########################################################################################
Device ID: Leonardo
1 2480 448 112.41 0 22.19
SD initialization failed!
Is there an SD card inserted?
##########################################################################################
### CosmicWatch: The Desktop Muon Detector
### Questions? saxani@mit.edu
### Comp_date Comp_time Event Ardn_time[ms] ADC[0-1023] SiPM[mV] Deadtime[ms] Temp[C] Name
##########################################################################################
Device ID: Leonardo
1 2480 551 164.56 0 23.05
2 300106 49 15.48 297150 23.15
3 301100 53 16.22 298126 23.15
4 304423 198 33.69 301410 23.15
5 304894 216 36.85 301832 23.37
6 304925 192 32.67 301837 23.15
SD initialization failed!
Is there an SD card inserted?
##########################################################################################
### CosmicWatch: The Desktop Muon Detector
### Questions? saxani@mit.edu
### Comp_date Comp_time Event Ardn_time[ms] ADC[0-1023] SiPM[mV] Deadtime[ms] Temp[C] Name
##########################################################################################
Device ID: Leonardo
1 2480 205 34.91 0 23.37
2 5957 71 19.06 3053 23.15
3 5990 499 141.24 3058 23.37
4 6788 177 30.25 3063 23.15
5 6822 88 20.96 3068 23.37
6 7204 51 15.86 3073 23.48
7 8613 211 35.96 3301 23.15
8 9342 49 15.48 3540 23.37
SD initialization failed!
Is there an SD card inserted?
##########################################################################################
### CosmicWatch: The Desktop Muon Detector
### Questions? saxani@mit.edu
### Comp_date Comp_time Event Ardn_time[ms] ADC[0-1023] SiPM[mV] Deadtime[ms] Temp[C] Name
##########################################################################################
Device ID: Leonardo
1 2480 408 90.57 0 23.48
2 3926847 53 16.22 3924349 23.37
3 3926859 167 28.76 3924355 23.15
4 3937698 49 15.48 3935047 23.37
5 3938993 49 15.48 3935452 23.15
6 3943627 50 15.67 3939758 23.37
7 3944860 85 20.67 3940960 23.15
8 3945399 92 21.32 3941386 23.37
9 3945407 56 16.76 3941392 23.15
10 4604561 69 18.79 4600470 24.01
11 4604789 67 18.51 4600476 23.69
12 4604800 199 33.86 4600482 23.80
13 4625803 71 19.06 4621372 23.48
14 4625809 240 41.21 4621378 23.80
15 4625815 241 41.39 4621384 23.80
16 4625928 140 25.42 4621495 23.48
17 4634413 49 15.48 4629541 23.48
SD initialization failed!
Is there an SD card inserted?
##########################################################################################
### CosmicWatch: The Desktop Muon Detector
### Questions? saxani@mit.edu
### Comp_date Comp_time Event Ardn_time[ms] ADC[0-1023] SiPM[mV] Deadtime[ms] Temp[C] Name
##########################################################################################
Device ID: Leonardo
1 2447 888 819.07 0 23.37
SD initialization failed!
Is there an SD card inserted?
##########################################################################################
### CosmicWatch: The Desktop Muon Detector
### Questions? saxani@mit.edu
### Comp_date Comp_time Event Ardn_time[ms] ADC[0-1023] SiPM[mV] Deadtime[ms] Temp[C] Name
##########################################################################################
Device ID: Leonardo
1 2480 880 1109.11 0 23.37
SD initialization failed!
Is there an SD card inserted?
##########################################################################################
### CosmicWatch: The Desktop Muon Detector
### Questions? saxani@mit.edu
### Comp_date Comp_time Event Ardn_time[ms] ADC[0-1023] SiPM[mV] Deadtime[ms] Temp[C] Name
##########################################################################################
Device ID: Leonardo
1 2480 696 307.73 0 23.15
SD initialization failed!
Is there an SD card inserted?
##########################################################################################
### CosmicWatch: The Desktop Muon Detector
### Questions? saxani@mit.edu
### Comp_date Comp_time Event Ardn_time[ms] ADC[0-1023] SiPM[mV] Deadtime[ms] Temp[C] Name
##########################################################################################
Device ID: Leonardo
1 2480 377 76.28 0 24.44
SD initialization failed!
Is there an SD card inserted?
##########################################################################################
### CosmicWatch: The Desktop Muon Detector
### Questions? saxani@mit.edu
### Comp_date Comp_time Event Ardn_time[ms] ADC[0-1023] SiPM[mV] Deadtime[ms] Temp[C] Name
##########################################################################################
Device ID: Leonardo
1 2480 1023 2152.99 0 24.44
2 41716 51 15.86 38984 24.44
SD initialization failed!
Is there an SD card inserted?
##########################################################################################
### CosmicWatch: The Desktop Muon Detector
### Questions? saxani@mit.edu
### Comp_date Comp_time Event Ardn_time[ms] ADC[0-1023] SiPM[mV] Deadtime[ms] Temp[C] Name
##########################################################################################
Device ID: Leonardo
1 3462 56 16.76 0 24.44
2 3569 96 21.67 5 24.44
3 3888 103 22.23 10 24.44
4 3983 61 17.60 15 24.34
5 4314 60 17.43 20 24.34
6 7164 448 112.41 25 24.23
7 7440 583 201.26 30 24.44
8 8300 83 20.46 35 24.44
9 10540 385 80.11 40 24.44
10 14828 627 249.17 45 24.44
11 15633 515 147.53 50 24.44
12 18625 268 46.26 55 24.34
13 20238 76 19.69 60 24.23
14 20879 391 82.35 66 24.34
15 21208 126 24.09 71 24.34
16 21443 518 151.06 76 24.34
17 21549 120 23.58 81 24.44
18 22948 723 388.29 86 24.34
19 23648 625 226.08 91 24.34
20 23820 127 24.18 96 24.34
21 23862 63 17.91 101 24.44
22 24088 476 129.76 106 24.34
23 24105 216 36.85 111 24.23
24 26979 62 17.75 116 24.23
25 28185 98 21.83 121 24.34
26 28347 476 129.76 126 24.44
27 28902 71 19.06 131 24.34
28 29907 120 23.58 136 24.34
29 30414 349 66.33 141 24.34
30 31182 120 23.58 146 24.23
31 31431 384 80.08 151 24.34
32 31702 112 22.94 156 24.23
33 32956 154 27.02 161 24.44
34 33784 71 19.06 166 24.34
35 34126 199 33.86 171 24.23
36 35210 78 19.92 176 24.23
37 35361 335 61.77 181 24.23
38 35587 173 29.64 186 24.34
39 35886 368 72.93 191 24.12
40 36130 357 68.97 196 24.44
41 36477 127 24.18 201 24.34
42 38437 67 18.51 206 24.01
43 39677 103 22.23 211 24.23
44 39911 487 132.65 216 24.12
45 40033 108 22.63 221 24.34
46 40176 387 81.05 226 24.23
47 41170 227 38.83 231 24.23
48 41432 51 15.86 236 24.34
49 42013 255 43.96 241 24.34
50 42856 53 16.22 246 24.12
51 43937 197 33.52 251 24.34
52 43965 227 38.83 256 24.34
53 44076 307 54.48 261 24.23
54 44583 56 16.76 266 24.12
55 45092 462 120.87 271 24.34
56 46562 240 41.21 276 24.34
57 46714 56 16.76 281 24.23
58 46722 562 184.71 286 24.23
59 47535 262 45.24 291 24.44
60 47789 153 26.90 296 24.23
61 48336 152 26.78 301 24.23
62 48654 254 43.77 306 24.23
63 49404 153 26.90 311 24.23
64 51645 56 16.76 316 24.23
65 53660 135 24.92 321 24.23
66 54476 492 134.92 326 24.44
67 55200 600 203.87 331 24.44
68 55459 66 18.36 336 24.12
69 56221 344 64.67 341 24.23
70 57337 99 21.91 346 24.23
71 57407 298 52.37 351 24.23
72 57819 152 26.78 356 24.34
73 58098 313 56.02 361 24.23
74 58360 344 64.67 366 24.23
75 59986 63 17.91 371 24.34
76 60440 353 67.64 376 24.34
77 60482 142 25.64 381 24.23
78 62728 319 57.64 386 24.01
79 62979 323 58.48 391 24.12
80 63731 62 17.75 396 24.34
81 63801 193 32.84 401 24.34
82 65051 249 42.85 406 24.34
83 65081 135 24.92 411 24.34
84 65729 58 17.10 416 24.34
85 68011 120 23.58 421 24.34
86 68196 96 21.67 426 24.34
87 68286 127 24.18 431 24.12
88 68407 430 101.41 436 24.34
89 70073 159 27.66 441 24.23
90 71193 444 109.09 446 24.34
91 71452 103 22.23 451 24.23
92 71891 284 49.41 456 24.12
93 72154 115 23.18 461 24.12
94 74589 162 28.06 466 24.23
95 76038 51 15.86 471 24.12
96 76583 529 156.43 476 24.01
97 76876 299 52.61 481 24.23
98 77347 135 24.92 486 24.34
99 78053 551 164.56 491 24.23
100 78082 177 30.25 496 24.12
101 78568 428 101.58 501 24.12
102 79203 127 24.18 506 24.01
103 80069 92 21.32 511 24.12
104 81928 152 26.78 516 24.44
105 83821 384 80.08 521 24.23
106 83859 96 21.67 526 24.01
107 83889 120 23.58 531 24.12
108 85368 127 24.18 536 24.23
109 85937 83 20.46 541 24.12
110 88761 505 145.23 546 24.23
111 89205 67 18.51 551 24.12
112 89321 71 19.06 556 24.34
113 89369 620 217.12 561 24.23
114 89466 485 135.76 566 24.23
115 89795 399 87.30 571 24.23
116 91194 67 18.51 576 24.12
117 91236 211 35.96 581 24.23
118 91794 435 104.92 586 24.23
119 91866 478 129.43 591 24.01
120 92596 109 22.70 596 23.80
121 95907 270 46.71 601 24.34
122 96057 334 61.44 606 24.12
123 96077 88 20.96 611 24.12
124 96154 331 60.51 616 24.01
125 96516 185 31.51 621 24.23
126 96840 287 50.23 626 24.12
127 97123 56 16.76 631 24.12
128 97414 167 28.76 636 24.23
129 98607 99 21.91 641 24.23
130 98721 110 22.78 646 24.01
131 100362 231 39.55 651 24.23
132 100952 133 24.73 656 24.12
133 101140 60 17.43 662 24.34
134 101280 56 16.76 667 24.12
135 101804 620 217.12 672 24.23
136 101857 186 31.68 677 24.12
137 102488 240 41.21 682 24.23
138 102554 543 164.77 687 24.12
139 102632 127 24.18 692 24.12
140 103690 184 31.36 697 23.80
141 104304 142 25.64 702 24.23
142 105400 70 18.93 707 24.23
143 105653 409 91.12 712 23.80
144 107474 399 87.30 717 24.01
145 107642 384 80.08 722 23.91
146 107666 380 78.12 727 23.69
147 108843 177 30.25 732 24.23
148 108964 248 42.69 737 24.23
149 110357 207 35.26 743 24.01
150 110656 85 20.67 748 24.23
151 110800 131 24.54 753 24.01
152 112395 369 73.42 759 24.01
153 112797 398 85.63 764 24.12
154 113599 93 21.41 769 24.23
155 114251 440 109.25 774 24.23
156 115462 58 17.10 779 24.12
157 117189 135 24.92 784 24.23
158 117937 96 21.67 789 24.12
159 118039 103 22.23 794 24.01
160 118220 85 20.67 799 24.23
161 119944 192 32.67 804 24.12
162 120531 415 95.00 809 24.01
163 122381 153 26.90 814 24.01
164 122746 101 22.08 819 24.01
165 123741 140 25.42 824 24.01
166 124085 71 19.06 829 24.01
167 124635 125 24.00 834 24.12
168 125838 192 32.67 839 24.23
169 126418 295 51.75 844 24.23
170 126893 135 24.92 849 24.12
171 128521 51 15.86 854 23.69
172 128701 409 91.12 859 23.69
173 129898 131 24.54 864 24.12
174 130653 70 18.93 870 24.01
175 130966 184 31.36 875 24.01
176 131476 71 19.06 880 24.23
177 132886 61 17.60 885 23.80
178 133792 243 41.74 890 23.48
179 134865 313 56.02 895 24.12
180 137521 1023 2152.99 900 23.91
