24 348749 179 30.55 205214 20.58
25 349032 48 15.29 205219 20.68
26 544775 359 69.86 400104 19.82
27 546428 92 21.32 400109 19.93
28 546571 243 41.74 400114 19.93
29 546851 79 20.03 400120 19.82
30 547153 172 29.49 400125 19.93
31 547258 50 15.67 400130 19.93
32 548481 211 35.96 401313 19.93
33 548624 252 43.42 401318 19.82
34 548730 271 46.93 401324 19.72
35 550526 56 16.76 401330 19.93
36 551022 295 51.75 401336 19.93
37 551519 186 31.68 401342 19.82
38 552536 167 28.76 401347 19.93
39 555388 432 101.61 401352 19.82
40 556209 248 42.69 401363 19.93
41 559782 176 30.09 401369 19.93
42 560769 112 22.94 401374 19.93
43 561294 159 27.66 401380 19.93
44 563400 240 41.21 401385 19.93
45 563635 92 21.32 401391 19.93
SD initialization failed!
Is there an SD card inserted?
##########################################################################################
### CosmicWatch: The Desktop Muon Detector
### Questions? saxani@mit.edu
### Comp_date Comp_time Event Ardn_time[ms] ADC[0-1023] SiPM[mV] Deadtime[ms] Temp[C] Name
##########################################################################################
Device ID: Jason1
1 7084 496 144.49 0 19.93
2 7949 49 15.48 5 19.93
3 9445 199 33.86 10 19.93
4 9835 167 28.76 15 20.04
5 9950 66 18.36 20 19.93
6 10113 268 46.26 25 19.93
7 10481 51 15.86 30 19.93
8 11417 112 22.94 35 19.93
9 11505 145 25.96 40 19.93
10 11525 120 23.58 45 19.93
11 11639 56 16.76 50 19.93
12 11683 319 57.64 55 19.93
13 12445 113 23.02 60 19.93
14 13118 71 19.06 65 19.93
15 15714 83 20.46 71 19.93
16 16470 51 15.86 76 19.93
17 17601 109 22.70 81 19.93
18 17715 63 17.91 86 19.93
19 18751 121 23.66 92 20.04
20 20184 204 34.73 97 19.93
21 20286 96 21.67 102 19.93
22 20442 79 20.03 107 19.93
23 20463 74 19.44 112 20.15
24 20564 163 28.20 117 19.93
25 20630 291 50.97 122 19.93
26 20825 88 20.96 127 19.93
27 22180 86 20.77 132 20.04
28 23261 167 28.76 137 19.93
29 26944 67 18.51 142 19.93
30 26964 122 23.75 147 19.93
31 27401 51 15.86 152 19.93
32 27781 78 19.92 157 19.93
33 27788 94 21.50 162 19.93
34 27855 103 22.23 167 20.04
35 29102 92 21.32 172 20.36
36 40331 113 23.02 177 20.15
37 41106 109 22.70 182 19.93
38 46801 281 48.90 187 20.04
39 49199 1023 2152.99 192 20.25
40 49366 1023 2152.99 214 19.93
41 49396 49 15.48 219 20.04
42 50287 1023 2152.99 224 20.25
43 50477 1023 2152.99 229 20.15
44 53424 63 17.91 234 20.58
45 53529 947 1784.90 239 20.04
46 53761 1023 2152.99 244 20.36
47 54736 1023 2152.99 249 20.47
48 55930 103 22.23 254 20.58
49 56025 56 16.76 259 20.79
50 56038 1023 2152.99 264 20.58
51 56908 1023 2152.99 269 20.58
52 57128 1023 2152.99 274 20.58
SD initialization failed!
Is there an SD card inserted?
##########################################################################################
### CosmicWatch: The Desktop Muon Detector
### Questions? saxani@mit.edu
### Comp_date Comp_time Event Ardn_time[ms] ADC[0-1023] SiPM[mV] Deadtime[ms] Temp[C] Name
##########################################################################################
Device ID: Jason1
1 2587 63 17.91 0 20.68
2 2670 167 28.76 6 20.58
3 3981 63 17.91 11 20.79
4 4000 156 27.28 16 20.58
5 16859 53 16.22 21 20.47
6 16875 188 32.01 26 20.79
7 16932 1023 2152.99 31 20.90
SD initialization failed!
Is there an SD card inserted?
##########################################################################################
### CosmicWatch: The Desktop Muon Detector
### Questions? saxani@mit.edu
### Comp_date Comp_time Event Ardn_time[ms] ADC[0-1023] SiPM[mV] Deadtime[ms] Temp[C] Name
##########################################################################################
Device ID: Jason1
1 3126 85 20.67 0 20.79
2 3183 204 34.73 5 20.47
3 3393 99 21.91 10 20.58
4 3614 63 17.91 15 20.79
5 4143 194 33.00 20 20.68
6 4777 56 16.76 25 20.90
7 6595 243 41.74 30 20.58
8 7234 71 19.06 35 20.90
9 7242 99 21.91 40 20.68
10 8189 286 49.78 45 20.47
11 11242 177 30.25 50 20.68
12 13069 108 22.63 55 20.68
13 13319 79 20.03 60 20.36
14 14012 92 21.32 65 20.47
15 15984 61 17.60 70 20.68
16 17356 101 22.08 75 20.47
17 17600 275 47.73 80 20.47
18 17710 497 142.37 85 20.58
19 18960 185 31.51 90 20.68
20 19432 67 18.51 95 20.36
21 21472 449 112.05 100 20.58
22 21757 96 21.67 105 20.68
23 21907 207 35.26 110 20.79
24 22541 88 20.96 115 20.58
25 22551 243 41.74 120 20.58
26 25046 92 21.32 125 20.68
27 27130 115 23.18 130 20.58
28 27523 115 23.18 136 20.58
29 28197 63 17.91 142 20.47
30 28410 159 27.66 162 20.36
31 28676 179 30.55 189 20.58
32 29215 126 24.09 236 20.36
33 29843 274 47.52 370 20.58
34 30189 60 17.43 468 20.47
35 30695 167 28.76 778 20.36
36 34101 370 73.62 848 20.47
37 44297 173 29.64 10293 20.58
38 47849 309 55.01 11055 20.68
39 54371 82 20.36 16999 20.25
40 56245 179 30.55 18148 20.68
41 57048 248 42.69 18268 20.15
42 60535 287 50.23 19550 20.36
43 62497 63 17.91 21263 20.15
44 63620 441 109.77 22202 20.15
45 68203 193 32.84 24297 20.04
46 70128 172 29.49 25477 20.36
47 71151 230 39.39 25723 20.47
48 74352 50 15.67 27805 20.47
49 79604 103 22.23 28472 20.47
50 81317 67 18.51 28603 20.36
51 82477 248 42.69 29408 20.15
52 85453 304 53.73 29974 20.58
53 92497 79 20.03 35353 20.04
54 93707 185 31.51 36106 20.04
55 96228 255 43.96 36832 19.93
56 97481 286 49.78 36849 20.15
57 101941 332 61.17 37217 20.25
58 103772 185 31.51 38982 20.25
59 106950 211 35.96 39790 19.93
60 109771 231 39.55 40033 20.04
61 110826 216 36.85 40825 20.04
62 113467 140 25.42 41315 20.36
63 114097 60 17.43 41339 19.93
64 115475 107 22.55 41733 20.25
65 116779 176 30.09 41771 20.04
66 117074 359 69.86 41952 20.04
67 118469 83 20.46 42841 19.93
68 123152 71 19.06 43272 19.93
69 124489 211 35.96 43761 20.04
70 126403 61 17.60 45017 20.15
71 127512 174 29.79 45977 20.25
72 127950 92 21.32 46371 20.15
73 128948 83 20.46 47284 19.93
74 130169 184 31.36 48101 20.15
75 131175 57 16.93 48223 19.93
76 132856 173 29.64 48994 20.04
77 133496 245 42.08 49592 20.47
78 137674 176 30.09 52256 20.04
79 138295 51 15.86 52375 20.04
80 141144 259 44.69 54384 19.93
81 142773 238 40.82 54469 20.04
82 144057 408 90.57 54669 19.93
83 145555 60 17.43 54719 19.93
84 146996 121 23.66 55227 19.93
85 148096 199 33.86 55856 19.93
86 149681 207 35.26 57130 20.15
87 150583 163 28.20 57465 20.04
88 151289 61 17.60 57588 19.93
89 151732 61 17.60 57788 20.04
90 153982 355 68.30 59355 20.25
91 158644 207 35.26 60738 19.93
92 159380 307 54.48 61456 20.04
93 159612 240 41.21 61478 20.04
94 163848 451 113.08 62845 19.93
95 166459 192 32.67 64514 20.25
96 171377 192 32.67 67800 20.04
97 173050 207 35.26 67807 20.04
98 174007 60 17.43 67827 19.93
99 177474 56 16.76 67843 20.36
100 179075 219 37.38 67867 20.04
101 179863 353 67.64 67880 20.04
102 180187 135 24.92 67909 20.25
103 180608 147 26.19 67916 20.04
104 181377 61 17.60 67925 20.25
105 181451 270 46.71 67940 19.93
106 182109 167 28.76 67946 20.04
107 183429 167 28.76 67952 20.36
108 183744 295 51.75 67961 19.93
109 183876 204 34.73 67974 19.93
110 185588 313 56.02 67980 19.93
111 188677 145 25.96 67986 20.04
112 188722 66 18.36 67992 20.04
113 190131 56 16.76 67998 19.93
114 190432 873 943.88 68004 20.04
115 190442 1023 2152.99 68009 19.93
116 192299 1023 2152.99 68015 19.93
117 192425 185 31.51 68021 20.04
118 197559 1023 2152.99 68026 20.15
119 197765 1023 2152.99 68032 19.93
120 197772 287 50.23 68038 19.93
121 198193 1023 2152.99 68044 19.93
122 198208 1023 2152.99 68050 20.25
123 198233 1023 2152.99 68056 19.93
124 199519 1023 2152.99 68070 19.93
125 202852 301 53.09 68076 20.04
126 203363 1023 2152.99 68082 20.04
127 203617 50 15.67 68098 20.25
128 203799 1023 2152.99 68103 19.93
129 3950266 109 22.70 68109 20.68
130 3950945 185 31.51 68643 20.79
131 3952138 743 466.23 69252 20.90
132 3957611 1023 2152.99 69263 20.68
133 3958736 369 73.42 69484 20.79
134 3958755 125 24.00 69490 20.90
135 3958780 115 23.18 69496 20.68
136 3958888 99 21.91 69502 20.58
137 3959387 63 17.91 69508 20.90
SD initialization failed!
Is there an SD card inserted?
##########################################################################################
### CosmicWatch: The Desktop Muon Detector
### Questions? saxani@mit.edu
### Comp_date Comp_time Event Ardn_time[ms] ADC[0-1023] SiPM[mV] Deadtime[ms] Temp[C] Name
##########################################################################################
Device ID: Jason1
SD initialization failed!
Is there an SD card inserted?
##########################################################################################
### CosmicWatch: The Desktop Muon Detector
### Questions? saxani@mit.edu
### Comp_date Comp_time Event Ardn_time[ms] ADC[0-1023] SiPM[mV] Deadtime[ms] Temp[C] Name
##########################################################################################
Device ID: Jason1
SD initialization failed!
Is there an SD card inserted?
##########################################################################################
### CosmicWatch: The Desktop Muon Detector
### Questions? saxani@mit.edu
### Comp_date Comp_time Event Ardn_time[ms] ADC[0-1023] SiPM[mV] Deadtime[ms] Temp[C] Name
##########################################################################################
Device ID: Jason1
1 2583 60 17.43 0 20.47
2 3986 67 18.51 5 20.90
3 4820 387 81.05 10 20.90
4 7139 209 35.61 15 20.90
5 8089 287 50.23 20 20.90
6 8486 143 25.74 25 20.90
7 9944 63 17.91 30 20.90
8 10994 240 41.21 35 20.79
9 12422 58 17.10 40 20.90
10 12984 124 23.92 45 20.79
11 13508 71 19.06 50 20.90
12 14970 56 16.76 55 20.90
13 15713 287 50.23 60 21.01
14 18306 192 32.67 65 20.90
15 19192 220 37.58 70 20.90
16 19291 364 71.71 75 20.79
17 22335 152 26.78 80 20.90
18 22649 152 26.78 85 20.90
19 25222 97 21.75 90 20.79
20 26349 323 58.48 95 20.90
21 28818 140 25.42 100 20.79
22 28996 193 32.84 105 20.90
23 30114 252 43.42 110 20.79
24 30199 143 25.74 115 20.90
25 31267 207 35.26 120 20.90
26 31677 57 16.93 125 20.90
27 32629 83 20.46 130 20.90
28 33938 387 81.05 135 20.90
29 34501 115 23.18 140 20.90
30 35102 135 24.92 145 20.90
31 36193 154 27.02 150 21.01
32 37037 159 27.66 155 21.01
33 38458 78 19.92 160 20.90
34 39288 345 64.98 165 20.90
35 39596 141 25.53 170 20.90
36 42109 224 38.29 175 20.90
37 44438 231 39.55 180 20.90
38 45078 265 45.75 185 20.90
39 47080 165 28.48 190 20.68
40 47392 155 27.15 195 20.68
41 48871 205 34.91 200 20.90
42 49239 159 27.66 205 20.90
43 49281 211 35.96 210 20.90
44 50331 81 20.25 215 20.68
45 52195 304 53.73 220 20.90
46 53254 167 28.76 225 20.90
47 54707 312 55.68 230 20.79
48 55847 199 33.86 235 20.90
49 56013 271 46.93 240 20.68
50 57137 318 57.28 245 20.90
51 57457 184 31.36 250 20.90
52 57585 156 27.28 255 20.68
53 58563 159 27.66 260 20.90
54 61732 198 33.69 265 20.68
55 62512 225 38.48 270 20.90
56 62531 387 81.05 275 20.79
57 63861 386 80.48 280 20.90
58 64668 249 42.85 285 20.90
59 65197 307 54.48 290 21.01
60 65220 241 41.39 295 20.90
61 66990 193 32.84 300 20.90
62 67187 238 40.82 305 20.90
63 69346 222 37.96 310 20.90
64 70302 209 35.61 315 21.01
65 70453 195 33.17 320 21.01
66 70688 109 22.70 325 20.90
67 71237 255 43.96 330 20.90
68 73153 143 25.74 335 20.90
69 73745 291 50.97 340 21.01
70 74552 56 16.76 345 21.01
71 75090 195 33.17 350 21.01
72 75141 345 64.98 355 20.90
73 76595 369 73.42 360 20.90
74 76620 126 24.09 365 20.90
75 78298 204 34.73 370 20.90
76 78494 248 42.69 375 20.90
77 79543 115 23.18 380 20.90
78 79896 278 48.30 385 21.01
79 80312 204 34.73 390 20.79
80 81862 211 35.96 395 20.90
81 82637 74 19.44 400 20.79
82 82670 81 20.25 405 20.79
83 82724 243 41.74 410 20.90
84 83176 334 61.44 415 20.90
85 83517 85 20.67 420 20.90
86 84404 163 28.20 425 20.90
87 84495 206 35.07 430 20.90
88 85525 121 23.66 435 20.90
89 87015 205 34.91 440 20.90
90 87678 242 41.58 445 20.90
91 90116 344 64.67 450 20.90
92 90670 238 40.82 455 20.90
93 91238 249 42.85 460 20.90
94 92108 287 50.23 465 20.90
95 92945 237 40.69 470 20.90
96 93155 355 68.30 475 20.90
97 93616 57 16.93 480 20.90
98 97574 66 18.36 485 21.01
99 100640 240 41.21 490 20.90
100 100875 94 21.50 495 20.90
101 104654 56 16.76 500 20.90
102 106597 139 25.32 505 20.90
103 107013 56 16.76 510 21.01
104 108241 172 29.49 515 20.90
105 108857 102 22.15 520 20.90
106 109023 302 53.30 525 20.90
107 109954 135 24.92 530 21.01
108 112353 98 21.83 535 20.90
109 112502 225 38.48 540 20.90
110 114822 408 90.57 545 20.90
111 115302 56 16.76 550 20.90
112 116551 54 16.41 555 20.90
113 120182 245 42.08 560 20.90
114 122378 99 21.91 565 20.90
115 124386 56 16.76 570 20.90
116 124960 238 40.82 575 20.79
117 125957 338 62.67 580 20.90
118 127847 259 44.69 585 20.90
119 128801 344 64.67 591 20.90
120 131246 140 25.42 596 20.90
121 132714 241 41.39 601 20.90
122 133470 327 59.28 606 20.90
123 133506 67 18.51 611 20.90
124 133909 216 36.85 616 21.01
125 134252 216 36.85 621 20.90
126 134640 270 46.71 626 20.90
127 134890 159 27.66 631 20.90
128 137259 371 73.82 636 20.90
129 138210 107 22.55 641 20.90
130 138764 50 15.67 646 20.90
131 143033 192 32.67 651 20.90
132 143222 65 18.22 656 20.90
133 143977 97 21.75 662 20.90
134 144438 334 61.44 667 20.90
135 144808 149 26.42 672 21.01
136 145108 78 19.92 677 20.90
137 146036 212 36.14 682 21.01
138 148252 263 45.37 687 21.01
139 150767 172 29.49 692 20.90
140 152463 300 52.79 697 21.01
141 154116 227 38.83 702 20.90
142 154579 179 30.55 707 20.90
143 155921 57 16.93 712 21.01
144 156310 71 19.06 717 20.90
145 158135 207 35.26 832 20.90
146 171060 152 26.78 11414 20.90
147 177217 220 37.58 17562 20.90
148 178572 56 16.76 17567 20.90
149 184543 295 51.75 20458 21.01
150 184944 97 21.75 20464 20.90
151 186160 384 80.08 20469 21.11
152 187273 126 24.09 20476 20.90
153 188285 162 28.06 20482 20.90
154 188328 243 41.74 20488 21.01
155 189484 319 57.64 20494 21.01
156 189946 149 26.42 20499 20.90
157 190488 71 19.06 20505 20.90
158 190748 1023 2152.99 20511 20.90
159 190852 989 2442.55 20517 20.90
160 190877 847 662.39 20523 21.01
161 190889 1023 2152.99 20528 20.90
162 190911 1023 2152.99 20540 20.90
163 190949 1023 2152.99 20569 21.11
164 190980 1023 2152.99 20598 20.90
165 191057 1023 2152.99 20635 21.01
166 191066 1023 2152.99 20641 20.90
167 192280 70 18.93 20669 20.90
168 192567 1023 2152.99 20675 20.90
169 193051 986 2471.22 20681 20.90
SD initialization failed!
Is there an SD card inserted?
##########################################################################################
### CosmicWatch: The Desktop Muon Detector
### Questions? saxani@mit.edu
### Comp_date Comp_time Event Ardn_time[ms] ADC[0-1023] SiPM[mV] Deadtime[ms] Temp[C] Name
##########################################################################################
Device ID: Jason1
1 2478 88 20.96 0 21.76
SD initialization failed!
Is there an SD card inserted?
##########################################################################################
### CosmicWatch: The Desktop Muon Detector
### Questions? saxani@mit.edu
### Comp_date Comp_time Event Ardn_time[ms] ADC[0-1023] SiPM[mV] Deadtime[ms] Temp[C] Name
##########################################################################################
Device ID: Jason1
1 2478 140 25.42 0 22.19
SD initialization failed!
Is there an SD card inserted?
##########################################################################################
### CosmicWatch: The Desktop Muon Detector
### Questions? saxani@mit.edu
### Comp_date Comp_time Event Ardn_time[ms] ADC[0-1023] SiPM[mV] Deadtime[ms] Temp[C] Name
##########################################################################################
Device ID: Jason1
1 2478 121 23.66 0 22.19
2 16200 1023 2152.99 13692 21.54
3 16672 1023 2152.99 14163 22.19
4 16698 1023 2152.99 14186 22.19
5 16707 271 46.93 14193 20.04
6 16715 300 52.79 14199 22.19
7 16747 287 50.23 14229 20.15
8 16779 302 53.30 14259 22.19
9 16813 259 44.69 14290 19.82
10 16845 261 45.09 14320 19.93
11 16878 280 48.67 14350 20.25
12 16913 282 49.11 14382 20.04
13 16944 345 64.98 14411 21.11
14 17099 124 23.92 14566 22.19
15 17106 83 20.46 14572 21.87
16 17113 76 19.69 14578 21.54
17 17135 77 19.81 14600 22.19
18 17168 82 20.36 14632 21.97
19 17201 107 22.55 14664 21.87
20 17234 78 19.92 14696 21.97
21 17276 50 15.67 14732 22.19
22 17603 1023 2152.99 14753 22.19
23 17756 48 15.29 14759 22.19
24 18195 792 615.27 14959 22.19
25 18363 49 15.48 14964 22.29
26 20342 49 15.48 14973 22.19
SD initialization failed!
Is there an SD card inserted?
##########################################################################################
### CosmicWatch: The Desktop Muon Detector
### Questions? saxani@mit.edu
### Comp_date Comp_time Event Ardn_time[ms] ADC[0-1023] SiPM[mV] Deadtime[ms] Temp[C] Name
##########################################################################################
Device ID: Jason1
SD initialization failed!
Is there an SD card inserted?
##########################################################################################
### CosmicWatch: The Desktop Muon Detector
### Questions? saxani@mit.edu
### Comp_date Comp_time Event Ardn_time[ms] ADC[0-1023] SiPM[mV] Deadtime[ms] Temp[C] Name
##########################################################################################
Device ID: Jason1
SD initialization failed!
Is there an SD card inserted?
##########################################################################################
### CosmicWatch: The Desktop Muon Detector
### Questions? saxani@mit.edu
### Comp_date Comp_time Event Ardn_time[ms] ADC[0-1023] SiPM[mV] Deadtime[ms] Temp[C] Name
##########################################################################################
Device ID: Jason1
1 9709 1023 2152.99 0 22.19
2 9756 1023 2152.99 5 22.19
3 9803 908 994.83 10 22.19
4 10736 487 132.65 15 22.19
5 10744 189 32.16 20 22.19
6 10757 335 61.77 25 22.19
7 10772 376 76.43 30 22.19
8 10797 99 21.91 50 22.19
9 10826 402 87.25 73 22.19
10 10853 435 104.92 96 22.19
11 10881 67 18.51 123 22.19
12 10916 319 57.64 152 22.19
13 10942 691 332.16 177 22.19
14 10975 399 87.30 209 22.19
15 11018 131 24.54 239 22.19
16 11179 652 262.10 257 22.19
17 11192 99 21.91 264 22.19
18 11199 103 22.23 269 22.19
19 11792 1023 2152.99 280 22.19
20 12014 1023 2152.99 285 22.19
21 12355 1023 2152.99 290 22.19
22 12437 51 15.86 295 22.19
23 12471 71 19.06 300 22.19
24 12488 94 21.50 305 22.19
25 12498 334 61.44 310 22.19
26 12505 60 17.43 315 22.19
27 13573 350 66.46 341 22.19
28 14210 48 15.29 346 22.19
29 14776 1021 3069.94 885 22.19
30 14878 316 56.81 890 22.19
31 14926 71 19.06 895 22.19
32 15059 885 1217.19 900 22.19
33 15144 188 32.01 905 22.19
34 15154 274 47.52 910 22.19
35 15247 799 620.61 915 22.19
36 15293 450 114.31 920 22.19
37 15322 57 16.93 925 22.19
38 15350 255 43.96 930 22.19
39 15383 551 164.56 935 22.19
40 15510 729 380.02 940 22.19
41 15605 473 126.29 945 22.19
42 15645 496 144.49 950 22.19
43 15670 376 76.43 955 22.19
44 15683 476 129.76 960 22.19
45 15768 88 20.96 965 22.19
46 15784 728 431.28 970 22.19
47 15876 255 43.96 975 22.19
48 15903 575 187.30 980 22.19
49 15917 188 32.01 985 22.19
50 15958 99 21.91 990 22.19
51 16203 89 21.05 995 22.19
52 16514 48 15.29 1000 22.19
53 16920 1023 2152.99 1124 22.19
54 17432 48 15.29 1129 22.19
55 17448 1023 2152.99 1140 22.19
56 17463 1023 2152.99 1149 22.19
57 17477 1023 2152.99 1163 22.19
58 17523 63 17.91 1194 22.19
59 79433 149 26.42 34850 21.97
60 96153 92 21.32 34855 22.19
61 96311 986 2471.22 34860 22.19
62 96481 147 26.19 34866 22.19
63 96515 63 17.91 34871 22.19
64 96532 1023 2152.99 34876 22.19
65 266524 1023 2152.99 34882 21.76
SD initialization failed!
Is there an SD card inserted?
##########################################################################################
### CosmicWatch: The Desktop Muon Detector
### Questions? saxani@mit.edu
### Comp_date Comp_time Event Ardn_time[ms] ADC[0-1023] SiPM[mV] Deadtime[ms] Temp[C] Name
##########################################################################################
Device ID: Jason1
1 37330 48 15.29 0 22.19
SD initialization failed!
Is there an SD card inserted?
##########################################################################################
### CosmicWatch: The Desktop Muon Detector
### Questions? saxani@mit.edu
### Comp_date Comp_time Event Ardn_time[ms] ADC[0-1023] SiPM[mV] Deadtime[ms] Temp[C] Name
##########################################################################################
Device ID: Jason1
SD initialization failed!
Is there an SD card inserted?
##########################################################################################
### CosmicWatch: The Desktop Muon Detector
### Questions? saxani@mit.edu
### Comp_date Comp_time Event Ardn_time[ms] ADC[0-1023] SiPM[mV] Deadtime[ms] Temp[C] Name
##########################################################################################
Device ID: Jason1
1 32419 449 112.05 0 20.90
2 39754 835 828.23 5 20.90
3 111594 145 25.96 10 21.22
4 389702 157 27.40 15 22.19
5 596457 167 28.76 20 22.19
6 597665 131 24.54 25 22.19
7 658868 135 24.92 30 22.19
8 664412 158 27.53 35 22.19
9 834915 209 35.61 40 22.19
10 965015 79 20.03 45 22.29
11 965681 135 24.92 50 22.19
12 965809 225 38.48 55 22.19
13 974375 135 24.92 60 22.19
14 1010445 61 17.60 65 22.29
15 1010459 181 30.87 70 22.19
16 1636069 49 15.48 75 22.29
SD initialization failed!
Is there an SD card inserted?
##########################################################################################
### CosmicWatch: The Desktop Muon Detector
### Questions? saxani@mit.edu
### Comp_date Comp_time Event Ardn_time[ms] ADC[0-1023] SiPM[mV] Deadtime[ms] Temp[C] Name
##########################################################################################
Device ID: Jason1
1 61165 56 16.76 0 22.51
2 273201 56 16.76 5 22.62
3 273208 61 17.60 10 22.72
4 273235 53 16.22 15 22.51
5 273403 99 21.91 20 22.51
6 274376 77 19.81 25 22.51
7 274798 103 22.23 30 22.62
8 279917 1023 2152.99 35 22.51
9 280251 1023 2152.99 40 22.51
10 280406 57 16.93 45 22.51
11 280621 185 31.51 50 22.72
12 281134 92 21.32 55 22.83
13 281199 56 16.76 60 22.51
14 283736 1023 2152.99 65 22.62
15 286169 51 15.86 221 22.51
16 291825 62 17.75 5641 22.51
17 292075 62 17.75 5646 22.51
18 292082 51 15.86 5651 22.72
19 292089 71 19.06 5656 22.62
20 333271 1023 2152.99 5676 22.51
SD initialization failed!
Is there an SD card inserted?
##########################################################################################
### CosmicWatch: The Desktop Muon Detector
### Questions? saxani@mit.edu
### Comp_date Comp_time Event Ardn_time[ms] ADC[0-1023] SiPM[mV] Deadtime[ms] Temp[C] Name
##########################################################################################
Device ID: Jason1
1 3903035 153 26.90 0 22.51
2 3907282 48 15.29 5 22.51
3 3910136 50 15.67 34 22.62
4 3911449 49 15.48 410 22.94
5 4467316 413 94.40 622 22.29
6 4469449 56 16.76 627 22.19
7 4469474 53 16.22 637 22.19
8 4481137 93 21.41 965 22.19
9 4485630 120 23.58 970 22.19
10 4486486 1023 2152.99 1041 22.19
11 4502808 174 29.79 1289 22.19
12 4502827 107 22.55 1294 22.29
13 4502838 159 27.66 1299 22.19
SD initialization failed!
Is there an SD card inserted?
##########################################################################################
### CosmicWatch: The Desktop Muon Detector
### Questions? saxani@mit.edu
### Comp_date Comp_time Event Ardn_time[ms] ADC[0-1023] SiPM[mV] Deadtime[ms] Temp[C] Name
##########################################################################################
Device ID: Jason1
1 19825 131 24.54 0 22.19
2 19880 115 23.18 5 22.19
SD initialization failed!
Is there an SD card inserted?
##########################################################################################
### CosmicWatch: The Desktop Muon Detector
### Questions? saxani@mit.edu
### Comp_date Comp_time Event Ardn_time[ms] ADC[0-1023] SiPM[mV] Deadtime[ms] Temp[C] Name
##########################################################################################
Device ID: Jason1
SD initialization failed!
Is there an SD card inserted?
##########################################################################################
### CosmicWatch: The Desktop Muon Detector
### Questions? saxani@mit.edu
### Comp_date Comp_time Event Ardn_time[ms] ADC[0-1023] SiPM[mV] Deadtime[ms] Temp[C] Name
##########################################################################################
Device ID: Jason1
1 7513 51 15.86 0 22.19
2 7803 51 15.86 206 22.19
3 8248 50 15.67 366 22.19
4 8335 51 15.86 426 22.19
5 8473 49 15.48 491 22.19
SD initialization failed!
Is there an SD card inserted?
##########################################################################################
### CosmicWatch: The Desktop Muon Detector
### Questions? saxani@mit.edu
### Comp_date Comp_time Event Ardn_time[ms] ADC[0-1023] SiPM[mV] Deadtime[ms] Temp[C] Name
##########################################################################################
Device ID: Jason1
SD initialization failed!
Is there an SD card inserted?
##########################################################################################
### CosmicWatch: The Desktop Muon Detector
### Questions? saxani@mit.edu
### Comp_date Comp_time Event Ardn_time[ms] ADC[0-1023] SiPM[mV] Deadtime[ms] Temp[C] Name
##########################################################################################
Device ID: Jason1
1 111750 159 27.66 0 22.19
2 214895 51 15.86 5 22.29
3 219207 332 61.17 396 22.29
SD initialization failed!
Is there an SD card inserted?
##########################################################################################
### CosmicWatch: The Desktop Muon Detector
### Questions? saxani@mit.edu
### Comp_date Comp_time Event Ardn_time[ms] ADC[0-1023] SiPM[mV] Deadtime[ms] Temp[C] Name
##########################################################################################
Device ID: Jason1
1 3496 399 87.30 0 23.15
2 3857 250 43.04 5 23.15
3 4126 391 82.35 10 23.15
4 5315 204 34.73 15 23.15
5 6809 384 80.08 20 23.15
6 7802 179 30.55 25 23.15
7 8408 222 37.96 30 23.15
8 9623 159 27.66 35 23.15
9 9744 76 19.69 40 23.15
10 12643 408 90.57 45 23.15
11 12913 263 45.37 50 23.15
12 13281 405 89.57 55 23.37
13 14116 63 17.91 60 23.15
14 14635 94 21.50 65 23.15
15 15908 217 37.04 70 23.15
16 15970 368 72.93 75 23.15
17 17241 67 18.51 80 23.15
18 17771 432 101.61 85 23.15
19 17917 358 69.10 90 23.15
20 18412 51 15.86 95 23.15
21 18818 654 259.18 100 23.15
22 19217 333 61.18 105 23.15
23 19716 116 23.26 110 23.15
24 19794 172 29.49 115 23.15
25 19864 195 33.17 120 23.15
26 20481 608 202.86 125 23.15
27 21656 51 15.86 130 23.15
28 22071 1023 2152.99 135 23.15
